-- DEVELLOPPEUMENT 
v0.01.0 -> Prototype en html
-- ALPHA

EN COURS : 

A FAIRE : 
- Reproduire la version TIC-80 en navigateur
- jouable sur mobile

-- A TESTER


Note de grille

-- Grille vierge
GRID = {
    {99,99,99,99,99,99,99,99,99,99,99,99,99,99,99,99,99,99,99},
    {99,99,99,99,99,99,99,99,99,99,99,99,99,99,99,99,99,99,99},
    {99,99,99,99,99,99,99,99,99,99,99,99,99,99,99,99,99,99,99},
    {99,99,99,99,99,99,99,99,99,99,99,99,99,99,99,99,99,99,99},
    {99,99,99,99,99,99,99,99,99,99,99,99,99,99,99,99,99,99,99},
    {99,99,99,99,99,99,99,99,99,99,99,99,99,99,99,99,99,99,99},
    {99,99,99,99,99,99,99,99,99,99,99,99,99,99,99,99,99,99,99},
    {99,99,99,99,99,99,99,99,99,99,99,99,99,99,99,99,99,99,99},
    {99,99,99,99,99,99,99,99,99,99,99,99,99,99,99,99,99,99,99},
    {99,99,99,99,99,99,99,99,99,99,99,99,99,99,99,99,99,99,99},
    {99,99,99,99,99,99,99,99,99,99,99,99,99,99,99,99,99,99,99},
    {99,99,99,99,99,99,99,99,99,99,99,99,99,99,99,99,99,99,99},
    {99,99,99,99,99,99,99,99,99,99,99,99,99,99,99,99,99,99,99},
    {99,99,99,99,99,99,99,99,99,99,99,99,99,99,99,99,99,99,99},
    {99,99,99,99,99,99,99,99,99,99,99,99,99,99,99,99,99,99,99},
    {99,99,99,99,99,99,99,99,99,99,99,99,99,99,99,99,99,99,99},
    {99,99,99,99,99,99,99,99,99,99,99,99,99,99,99,99,99,99,99},
    {99,99,99,99,99,99,99,99,99,99,99,99,99,99,99,99,99,99,99},
}